Encrypting 74
Sum = 1 6 1 0 1 5 3 2 2 3 3 7 4 3 5 5 6 4 2 3 5 1 2
arr0=( 14 16 8 5 4 23 13 11 18 9 13 19 32 25 23 15 22 20 13 18 14 10 12 )
(0 14) (1 16) (2 8) (3 5) (4 4) (5 23) (6 13) (7 11) (8 18) (9 9) (10 13) (11 19) (12 32) (13 25) (14 23) (15 15) (16 22) (17 20) (18 13) (19 18) (20 14) (21 10) (22 12) 
Encrypting 69
Sum = 2 3 1 2 2 6 2 6 4 1 6 0 2 4 3 3 3 3 4 1 2 6 3
arr1=( 16 13 8 13 12 22 19 18 18 9 16 9 19 11 12 9 18 16 16 12 17 15 22 )
(0 16) (1 13) (2 8) (3 13) (4 12) (5 22) (6 19) (7 18) (8 18) (9 9) (10 16) (11 9) (12 19) (13 11) (14 12) (15 9) (16 18) (17 16) (18 16) (19 12) (20 17) (21 15) (22 22) 
Encrypting 65
Sum = 6 4 2 3 2 2 7 4 2 3 1 5 3 5 1 0 2 1 0 4 1 3 4
arr2=( 19 18 15 17 15 18 17 18 13 11 17 14 22 18 12 3 9 14 12 9 13 8 9 )
(0 19) (1 18) (2 15) (3 17) (4 15) (5 18) (6 17) (7 18) (8 13) (9 11) (10 17) (11 14) (12 22) (13 18) (14 12) (15 3) (16 9) (17 14) (18 12) (19 9) (20 13) (21 8) (22 9) 
Encrypting 78
Sum = 4 5 2 4 2 5 1 6 3 3 5 1 6 3 0 3 3 3 5 3 3 5 3
arr3=( 22 14 15 18 16 24 18 18 15 9 15 10 24 18 11 9 20 21 19 20 19 16 21 )
(0 22) (1 14) (2 15) (3 18) (4 16) (5 24) (6 18) (7 18) (8 15) (9 9) (10 15) (11 10) (12 24) (13 18) (14 11) (15 9) (16 20) (17 21) (18 19) (19 20) (20 19) (21 16) (22 21) 
Encrypting 73
Sum = 2 3 3 2 3 4 5 2 7 7 2 0 1 3 2 3 4 0 3 5 4 5 3
arr4=( 17 13 10 12 9 15 23 16 18 14 24 6 17 11 9 7 19 19 20 13 20 15 13 )
(0 17) (1 13) (2 10) (3 12) (4 9) (5 15) (6 23) (7 16) (8 18) (9 14) (10 24) (11 6) (12 17) (13 11) (14 9) (15 7) (16 19) (17 19) (18 20) (19 13) (20 20) (21 15) (22 13) 
Encrypting 78
Sum = 5 5 4 4 6 2 3 3 8 1 5 2 3 1 4 4 1 1 2 5 4 0 5
arr5=( 26 19 18 22 18 18 20 18 18 9 22 10 15 15 13 6 18 26 16 15 12 11 13 )
(0 26) (1 19) (2 18) (3 22) (4 18) (5 18) (6 20) (7 18) (8 18) (9 9) (10 22) (11 10) (12 15) (13 15) (14 13) (15 6) (16 18) (17 26) (18 16) (19 15) (20 12) (21 11) (22 13) 
Encrypting 69
Sum = 3 2 4 3 2 8 1 3 2 1 0 5 7 2 5 4 2 4 2 1 6 2 0
arr6=( 22 16 12 15 11 28 7 17 9 2 4 19 29 22 20 10 23 18 11 20 13 10 8 )
(0 22) (1 16) (2 12) (3 15) (4 11) (5 28) (6 7) (7 17) (8 9) (9 2) (10 4) (11 19) (12 29) (13 22) (14 20) (15 10) (16 23) (17 18) (18 11) (19 20) (20 13) (21 10) (22 8) 
