Encrypting 108
Sum = 4 7 5 1 7 5 7 4 8 4 5 5 7 2 5 2 4 2 5 4 6 3 6
arr0=( 29 23 17 21 16 29 28 24 26 16 30 19 29 27 22 8 26 29 24 24 20 20 21 )
(0 29) (1 23) (2 17) (3 21) (4 16) (5 29) (6 28) (7 24) (8 26) (9 16) (10 30) (11 19) (12 29) (13 27) (14 22) (15 8) (16 26) (17 29) (18 24) (19 24) (20 20) (21 20) (22 21) 
Encrypting 101
Sum = 5 2 6 3 1 3 3 9 5 2 7 3 6 7 11 5 4 4 7 1 2 2 3
arr1=( 20 31 16 24 18 38 26 19 23 12 20 27 28 20 19 13 23 24 15 20 19 14 23 )
(0 20) (1 31) (2 16) (3 24) (4 18) (5 38) (6 26) (7 19) (8 23) (9 12) (10 20) (11 27) (12 28) (13 20) (14 19) (15 13) (16 23) (17 24) (18 15) (19 20) (20 19) (21 14) (22 23) 
Encrypting 97
Sum = 5 7 5 5 4 4 3 6 5 6 4 4 5 2 2 3 4 4 2 4 3 6 4
arr2=( 30 21 22 25 20 26 24 22 20 13 22 13 27 21 17 11 21 25 19 18 17 15 20 )
(0 30) (1 21) (2 22) (3 25) (4 20) (5 26) (6 24) (7 22) (8 20) (9 13) (10 22) (11 13) (12 27) (13 21) (14 17) (15 11) (16 21) (17 25) (18 19) (19 18) (20 17) (21 15) (22 20) 
Encrypting 107
Sum = 5 5 4 3 3 7 3 6 4 4 10 5 8 4 3 4 1 5 5 4 3 5 6
arr3=( 27 21 17 21 17 30 27 22 23 17 27 20 34 25 20 10 24 31 23 25 21 19 31 )
(0 27) (1 21) (2 17) (3 21) (4 17) (5 30) (6 27) (7 22) (8 23) (9 17) (10 27) (11 20) (12 34) (13 25) (14 20) (15 10) (16 24) (17 31) (18 23) (19 25) (20 21) (21 19) (22 31) 
Encrypting 121
Sum = 5 7 6 2 2 4 6 5 3 12 5 6 2 7 5 4 7 3 8 6 6 5 5
arr4=( 26 30 20 20 14 28 31 19 24 23 31 20 35 28 22 14 20 23 30 25 32 24 26 )
(0 26) (1 30) (2 20) (3 20) (4 14) (5 28) (6 31) (7 19) (8 24) (9 23) (10 31) (11 20) (12 35) (13 28) (14 22) (15 14) (16 20) (17 23) (18 30) (19 25) (20 32) (21 24) (22 26) 
Encrypting 98
Sum = 2 4 6 5 6 4 6 1 5 5 2 2 4 10 7 2 6 4 6 3 0 4 4
arr5=( 27 29 17 20 14 24 19 22 23 13 22 23 33 20 17 12 21 22 17 17 23 14 20 )
(0 27) (1 29) (2 17) (3 20) (4 14) (5 24) (6 19) (7 22) (8 23) (9 13) (10 22) (11 23) (12 33) (13 20) (14 17) (15 12) (16 21) (17 22) (18 17) (19 17) (20 23) (21 14) (22 20) 
Encrypting 117
Sum = 6 5 6 4 9 5 1 5 6 3 3 7 5 6 3 4 7 6 3 5 3 6 9
arr6=( 35 26 21 30 24 31 18 24 23 7 22 21 41 26 20 17 27 35 26 22 23 21 27 )
(0 35) (1 26) (2 21) (3 30) (4 24) (5 31) (6 18) (7 24) (8 23) (9 7) (10 22) (11 21) (12 41) (13 26) (14 20) (15 17) (16 27) (17 35) (18 26) (19 22) (20 23) (21 21) (22 27) 
Encrypting 103
Sum = 7 5 6 3 1 6 4 1 4 5 2 5 3 6 6 7 3 7 3 4 3 3 9
arr7=( 28 30 21 18 12 26 16 15 20 11 24 20 34 22 22 17 23 34 22 20 19 18 24 )
(0 28) (1 30) (2 21) (3 18) (4 12) (5 26) (6 16) (7 15) (8 20) (9 11) (10 24) (11 20) (12 34) (13 22) (14 22) (15 17) (16 23) (17 34) (18 22) (19 20) (20 19) (21 18) (22 24) 
