Encrypting 108
Sum = 5 6 8 2 4 4 3 6 6 2 4 4 3 5 6 6 2 4 7 1 5 5 10
arr0=( 29 30 21 25 17 26 21 19 19 9 25 18 23 23 20 12 21 30 28 20 23 27 30 )
(0 29) (1 30) (2 21) (3 25) (4 17) (5 26) (6 21) (7 19) (8 19) (9 9) (10 25) (11 18) (12 23) (13 23) (14 20) (15 12) (16 21) (17 30) (18 28) (19 20) (20 23) (21 27) (22 30) 
Encrypting 101
Sum = 5 5 1 5 7 6 6 3 5 3 9 5 5 2 4 1 3 6 2 4 6 2 6
arr1=( 29 17 16 21 20 26 26 27 29 18 29 16 31 23 20 10 20 27 20 23 16 16 25 )
(0 29) (1 17) (2 16) (3 21) (4 20) (5 26) (6 26) (7 27) (8 29) (9 18) (10 29) (11 16) (12 31) (13 23) (14 20) (15 10) (16 20) (17 27) (18 20) (19 23) (20 16) (21 16) (22 25) 
Encrypting 97
Sum = 2 4 6 8 4 3 6 7 5 5 1 1 6 3 4 2 6 5 5 3 3 5 3
arr2=( 27 19 20 27 21 28 24 28 23 12 20 14 27 17 12 13 22 24 19 22 19 16 19 )
(0 27) (1 19) (2 20) (3 27) (4 21) (5 28) (6 24) (7 28) (8 23) (9 12) (10 20) (11 14) (12 27) (13 17) (14 12) (15 13) (16 22) (17 24) (18 19) (19 22) (20 19) (21 16) (22 19) 
Encrypting 107
Sum = 7 2 6 9 1 2 6 6 8 4 5 1 7 3 5 4 5 4 5 1 5 7 4
arr3=( 27 23 24 29 23 32 29 24 28 15 27 16 23 18 10 13 26 28 22 22 21 21 25 )
(0 27) (1 23) (2 24) (3 29) (4 23) (5 32) (6 29) (7 24) (8 28) (9 15) (10 27) (11 16) (12 23) (13 18) (14 10) (15 13) (16 26) (17 28) (18 22) (19 22) (20 21) (21 21) (22 25) 
