Encrypting 67
Sum = 0 3 4 4 3 5 3 1 2 1 4 5 2 4 3 4 4 2 3 4 2 2 2
arr0=( 19 14 11 12 8 15 11 16 15 8 12 14 26 16 16 10 17 16 13 13 15 9 13 )
(0 19) (1 14) (2 11) (3 12) (4 8) (5 15) (6 11) (7 16) (8 15) (9 8) (10 12) (11 14) (12 26) (13 16) (14 16) (15 10) (16 17) (17 16) (18 13) (19 13) (20 15) (21 9) (22 13) 
Encrypting 79
Sum = 2 2 4 4 4 3 5 4 1 3 3 4 1 6 2 4 2 6 5 4 2 2 6
arr1=( 19 16 12 18 14 14 16 20 17 11 18 13 26 15 11 12 11 22 19 18 19 15 22 )
(0 19) (1 16) (2 12) (3 18) (4 14) (5 14) (6 16) (7 20) (8 17) (9 11) (10 18) (11 13) (12 26) (13 15) (14 11) (15 12) (16 11) (17 22) (18 19) (19 18) (20 19) (21 15) (22 22) 
Encrypting 79
Sum = 3 1 3 3 5 4 2 1 3 1 7 3 4 4 2 2 4 1 4 7 8 5 2
arr2=( 19 13 10 15 12 18 14 15 17 10 15 13 27 20 10 7 17 19 26 24 28 19 19 )
(0 19) (1 13) (2 10) (3 15) (4 12) (5 18) (6 14) (7 15) (8 17) (9 10) (10 15) (11 13) (12 27) (13 20) (14 10) (15 7) (16 17) (17 19) (18 26) (19 24) (20 28) (21 19) (22 19) 
Encrypting 76
Sum = 0 3 8 4 2 5 6 2 2 3 1 2 6 5 1 2 2 5 4 3 3 5 2
arr3=( 22 17 15 16 8 16 14 19 16 10 14 14 28 19 11 9 17 20 17 21 20 14 17 )
(0 22) (1 17) (2 15) (3 16) (4 8) (5 16) (6 14) (7 19) (8 16) (9 10) (10 14) (11 14) (12 28) (13 19) (14 11) (15 9) (16 17) (17 20) (18 17) (19 21) (20 20) (21 14) (22 17) 
Encrypting 77
Sum = 4 2 0 3 5 3 2 2 3 5 9 8 5 1 2 3 3 1 3 1 3 3 6
arr4=( 17 9 9 14 14 19 21 15 18 16 25 16 22 19 15 7 17 19 16 13 11 15 22 )
(0 17) (1 9) (2 9) (3 14) (4 14) (5 19) (6 21) (7 15) (8 18) (9 16) (10 25) (11 16) (12 22) (13 19) (14 15) (15 7) (16 17) (17 19) (18 16) (19 13) (20 11) (21 15) (22 22) 
Encrypting 79
Sum = 5 2 4 4 5 1 4 4 4 3 5 4 3 4 1 4 1 2 5 4 3 2 5
arr5=( 21 16 15 22 18 15 20 18 16 12 21 12 19 16 8 7 13 22 19 17 18 15 19 )
(0 21) (1 16) (2 15) (3 22) (4 18) (5 15) (6 20) (7 18) (8 16) (9 12) (10 21) (11 12) (12 19) (13 16) (14 8) (15 7) (16 13) (17 22) (18 19) (19 17) (20 18) (21 15) (22 19) 
Encrypting 79
Sum = 5 8 1 2 6 6 2 2 4 3 5 3 2 1 3 2 3 3 4 4 2 3 5
arr6=( 28 18 16 16 15 21 16 18 17 10 19 9 22 16 20 8 17 20 18 15 14 14 20 )
(0 28) (1 18) (2 16) (3 16) (4 15) (5 21) (6 16) (7 18) (8 17) (9 10) (10 19) (11 9) (12 22) (13 16) (14 20) (15 8) (16 17) (17 20) (18 18) (19 15) (20 14) (21 14) (22 20) 
Encrypting 78
Sum = 3 5 3 5 2 1 3 3 1 4 2 2 2 2 5 4 4 2 3 3 11 5 3
arr7=( 19 18 16 16 13 18 13 14 12 9 13 11 16 22 13 10 12 15 25 21 24 22 15 )
(0 19) (1 18) (2 16) (3 16) (4 13) (5 18) (6 13) (7 14) (8 12) (9 9) (10 13) (11 11) (12 16) (13 22) (14 13) (15 10) (16 12) (17 15) (18 25) (19 21) (20 24) (21 22) (22 15) 
