Encrypting 121
Sum = 5 2 6 7 4 3 5 5 9 7 5 4 5 8 3 6 6 3 3 6 8 6 5
arr0=( 27 24 20 27 21 27 31 24 28 17 31 20 35 27 12 15 29 34 28 25 31 22 22 )
(0 27) (1 24) (2 20) (3 27) (4 21) (5 27) (6 31) (7 24) (8 28) (9 17) (10 31) (11 20) (12 35) (13 27) (14 12) (15 15) (16 29) (17 34) (18 28) (19 25) (20 31) (21 22) (22 22) 
Encrypting 51
Sum = 2 1 1 3 5 0 3 2 0 2 2 2 3 3 2 1 1 2 3 1 7 1 4
arr1=( 12 9 7 13 12 10 9 13 8 7 11 10 12 16 5 4 5 11 16 16 15 15 12 )
(0 12) (1 9) (2 7) (3 13) (4 12) (5 10) (6 9) (7 13) (8 8) (9 7) (10 11) (11 10) (12 12) (13 16) (14 5) (15 4) (16 5) (17 11) (18 16) (19 16) (20 15) (21 15) (22 12) 
Encrypting 118
Sum = 8 6 7 4 4 5 6 4 6 2 7 5 6 1 6 3 7 2 4 5 8 10 2
arr2=( 34 28 25 27 20 36 25 23 28 15 23 18 31 26 22 12 27 24 29 25 28 24 25 )
(0 34) (1 28) (2 25) (3 27) (4 20) (5 36) (6 25) (7 23) (8 28) (9 15) (10 23) (11 18) (12 31) (13 26) (14 22) (15 12) (16 27) (17 24) (18 29) (19 25) (20 28) (21 24) (22 25) 
Encrypting 52
Sum = 2 3 1 2 3 2 6 5 2 1 6 1 1 5 2 3 1 1 0 5 0 0 0
arr3=( 13 13 8 13 12 13 20 18 16 13 15 9 16 10 8 5 9 12 5 7 10 0 7 )
(0 13) (1 13) (2 8) (3 13) (4 12) (5 13) (6 20) (7 18) (8 16) (9 13) (10 15) (11 9) (12 16) (13 10) (14 8) (15 5) (16 9) (17 12) (18 5) (19 7) (20 10) (21 0) (22 7) 
Encrypting 104
Sum = 9 3 4 6 5 2 2 4 3 4 6 6 6 2 7 4 4 8 4 3 3 3 6
arr4=( 29 25 22 28 24 32 19 19 23 12 21 21 31 20 18 16 19 30 19 24 15 16 27 )
(0 29) (1 25) (2 22) (3 28) (4 24) (5 32) (6 19) (7 19) (8 23) (9 12) (10 21) (11 21) (12 31) (13 20) (14 18) (15 16) (16 19) (17 30) (18 19) (19 24) (20 15) (21 16) (22 27) 
Encrypting 52
Sum = 0 4 1 4 2 4 4 0 0 2 4 1 2 4 4 2 2 1 3 3 2 2 1
arr5=( 15 13 9 7 6 12 10 14 11 10 11 11 17 13 13 5 10 9 11 11 14 8 11 )
(0 15) (1 13) (2 9) (3 7) (4 6) (5 12) (6 10) (7 14) (8 11) (9 10) (10 11) (11 11) (12 17) (13 13) (14 13) (15 5) (16 10) (17 9) (18 11) (19 11) (20 14) (21 8) (22 11) 
Encrypting 99
Sum = 2 4 4 5 6 6 3 2 6 5 3 2 0 9 1 8 7 5 4 3 6 4 4
arr6=( 27 20 15 19 15 18 19 22 24 11 21 12 32 21 13 20 27 26 21 18 26 18 20 )
(0 27) (1 20) (2 15) (3 19) (4 15) (5 18) (6 19) (7 22) (8 24) (9 11) (10 21) (11 12) (12 32) (13 21) (14 13) (15 20) (16 27) (17 26) (18 21) (19 18) (20 26) (21 18) (22 20) 
Encrypting 117
Sum = 4 7 3 8 7 4 5 5 5 6 4 1 4 3 6 10 7 1 6 8 3 5 5
arr7=( 33 23 22 27 24 30 25 29 22 15 25 14 28 18 18 18 30 33 27 22 25 19 21 )
(0 33) (1 23) (2 22) (3 27) (4 24) (5 30) (6 25) (7 29) (8 22) (9 15) (10 25) (11 14) (12 28) (13 18) (14 18) (15 18) (16 30) (17 33) (18 27) (19 22) (20 25) (21 19) (22 21) 
